1.0000 0.9500 0.9500 0.9250 0.8375 0.7713 0.7000 0.6305 0.5750 0.5158 0.4281 0.4317 0.3216 0.3272 0.3608 0.0750 0.2083 0.0500 0.1500 0.0000
1.0000 0.9500 0.9500 0.9250 0.8375 0.7448 0.6868 0.6300 0.5722 0.5231 0.4699 0.4507 0.3403 0.3549 0.3070 0.0717 0.1750 0.0667 0.1500 0.0000
1.0000 0.9500 0.9500 0.9250 0.8375 0.7448 0.6868 0.6300 0.5722 0.5231 0.4699 0.4507 0.3403 0.3549 0.3070 0.0717 0.1750 0.0667 0.1500 0.0000
1.0000 0.9500 0.9500 0.9250 0.8375 0.7448 0.6868 0.6300 0.5722 0.5231 0.4699 0.4507 0.3403 0.3549 0.3070 0.0717 0.1750 0.0667 0.1500 0.0000
1.0000 0.9500 0.9500 0.9250 0.8375 0.7448 0.6868 0.6300 0.5722 0.5231 0.4699 0.4507 0.3403 0.3549 0.3070 0.0717 0.1750 0.0667 0.1500 0.0000
1.0000 0.9500 0.9500 0.9250 0.8375 0.7448 0.6868 0.6300 0.5722 0.5231 0.4699 0.4507 0.3403 0.3549 0.3070 0.0717 0.1750 0.0667 0.1500 0.0000
1.0000 0.9500 0.9500 0.9250 0.8375 0.7448 0.6868 0.6300 0.5722 0.5231 0.4699 0.4507 0.3403 0.3549 0.3070 0.0717 0.1750 0.0667 0.1500 0.0000
1.0000 0.9500 0.9500 0.9250 0.8375 0.7448 0.6868 0.6300 0.5722 0.5231 0.4699 0.4507 0.3403 0.3549 0.3070 0.0717 0.1750 0.0667 0.1500 0.0000
1.0000 0.9500 0.9500 0.9250 0.8375 0.7713 0.7000 0.6305 0.5750 0.5158 0.4281 0.4317 0.3216 0.3272 0.3608 0.0750 0.2083 0.0500 0.1500 0.0000
1.0000 0.9500 0.9500 0.9250 0.8375 0.7407 0.6786 0.6270 0.5727 0.5211 0.4651 0.4393 0.3701 0.3200 0.3195 0.0621 0.1700 0.0667 0.1500 0.0000
1.0000 0.9500 0.9500 0.9250 0.8275 0.7279 0.6781 0.6389 0.5832 0.5295 0.4735 0.4373 0.3889 0.3259 0.2637 0.0705 0.1667 0.0667 0.1250 0.0000
1.0000 0.9500 0.9500 0.9250 0.8275 0.7279 0.6781 0.6389 0.5832 0.5295 0.4735 0.4373 0.3889 0.3259 0.2637 0.0705 0.1667 0.0667 0.1250 0.0000
1.0000 0.9500 0.9500 0.9250 0.8275 0.7279 0.6781 0.6389 0.5832 0.5295 0.4735 0.4373 0.3889 0.3259 0.2637 0.0705 0.1667 0.0667 0.1250 0.0000
1.0000 0.9500 0.9500 0.9250 0.8275 0.7279 0.6781 0.6389 0.5832 0.5295 0.4735 0.4373 0.3889 0.3259 0.2637 0.0705 0.1667 0.0667 0.1250 0.0000
1.0000 0.9500 0.9500 0.9250 0.8275 0.7279 0.6781 0.6389 0.5832 0.5295 0.4735 0.4373 0.3889 0.3259 0.2637 0.0705 0.1667 0.0667 0.1250 0.0000
1.0000 0.9500 0.9500 0.9250 0.8275 0.7279 0.6781 0.6389 0.5832 0.5295 0.4735 0.4373 0.3889 0.3259 0.2637 0.0705 0.1667 0.0667 0.1250 0.0000
1.0000 0.9500 0.9500 0.9250 0.8375 0.7713 0.7000 0.6305 0.5750 0.5158 0.4281 0.4317 0.3216 0.3272 0.3608 0.0750 0.2083 0.0500 0.1500 0.0000
1.0000 0.9500 0.9500 0.9250 0.8375 0.7407 0.6786 0.6270 0.5727 0.5211 0.4651 0.4393 0.3701 0.3200 0.3195 0.0621 0.1700 0.0667 0.1500 0.0000
1.0000 0.9500 0.9500 0.9250 0.8275 0.7097 0.6772 0.6425 0.5817 0.5291 0.4720 0.4294 0.3747 0.3079 0.2390 0.0652 0.1667 0.0667 0.1250 0.0000
1.0000 0.9500 0.9500 0.9250 0.8164 0.7216 0.6787 0.6299 0.5764 0.5300 0.4764 0.4225 0.3695 0.3225 0.2468 0.1702 0.1473 0.0417 0.1250 0.0000
1.0000 0.9500 0.9500 0.9250 0.8164 0.7216 0.6787 0.6299 0.5764 0.5300 0.4764 0.4225 0.3695 0.3225 0.2468 0.1702 0.1473 0.0417 0.1250 0.0000
1.0000 0.9500 0.9500 0.9250 0.8164 0.7216 0.6787 0.6299 0.5764 0.5300 0.4764 0.4225 0.3695 0.3225 0.2468 0.1702 0.1473 0.0417 0.1250 0.0000
1.0000 0.9500 0.9500 0.9250 0.8164 0.7216 0.6787 0.6299 0.5764 0.5300 0.4764 0.4225 0.3695 0.3225 0.2468 0.1702 0.1473 0.0417 0.1250 0.0000
1.0000 0.9500 0.9500 0.9250 0.8164 0.7216 0.6787 0.6299 0.5764 0.5300 0.4764 0.4225 0.3695 0.3225 0.2468 0.1702 0.1473 0.0417 0.1250 0.0000
1.0000 0.9500 0.9500 0.9250 0.8375 0.7713 0.7000 0.6305 0.5750 0.5158 0.4281 0.4317 0.3216 0.3272 0.3608 0.0750 0.2083 0.0500 0.1500 0.0000
1.0000 0.9500 0.9500 0.9250 0.8375 0.7407 0.6786 0.6270 0.5727 0.5211 0.4651 0.4393 0.3701 0.3200 0.3195 0.0621 0.1700 0.0667 0.1500 0.0000
1.0000 0.9500 0.9500 0.9250 0.8275 0.7097 0.6772 0.6425 0.5817 0.5291 0.4720 0.4294 0.3747 0.3079 0.2390 0.0652 0.1667 0.0667 0.1250 0.0000
1.0000 0.9500 0.9500 0.9250 0.8184 0.7265 0.6799 0.6332 0.5763 0.5282 0.4768 0.4243 0.3737 0.3214 0.2591 0.2088 0.1534 0.0417 0.1250 0.0000
1.0000 0.9500 0.9500 0.9250 0.8492 0.7430 0.6835 0.6348 0.5797 0.5269 0.4779 0.4235 0.3667 0.3187 0.2519 0.2305 0.1316 0.0417 0.1250 0.0000
1.0000 0.9500 0.9500 0.9250 0.8492 0.7430 0.6835 0.6348 0.5797 0.5269 0.4779 0.4235 0.3667 0.3187 0.2519 0.2305 0.1316 0.0417 0.1250 0.0000
1.0000 0.9500 0.9500 0.9250 0.8492 0.7430 0.6835 0.6348 0.5797 0.5269 0.4779 0.4235 0.3667 0.3187 0.2519 0.2305 0.1316 0.0417 0.1250 0.0000
1.0000 0.9500 0.9500 0.9250 0.8492 0.7430 0.6835 0.6348 0.5797 0.5269 0.4779 0.4235 0.3667 0.3187 0.2519 0.2305 0.1316 0.0417 0.1250 0.0000
1.0000 0.9500 0.9500 0.9250 0.8375 0.7713 0.7000 0.6305 0.5750 0.5158 0.4281 0.4317 0.3216 0.3272 0.3608 0.0750 0.2083 0.0500 0.1500 0.0000
1.0000 0.9500 0.9500 0.9250 0.8375 0.7407 0.6786 0.6270 0.5727 0.5211 0.4651 0.4393 0.3701 0.3200 0.3195 0.0621 0.1700 0.0667 0.1500 0.0000
1.0000 0.9500 0.9500 0.9250 0.8275 0.7097 0.6772 0.6425 0.5817 0.5291 0.4720 0.4294 0.3747 0.3079 0.2390 0.0652 0.1667 0.0667 0.1250 0.0000
1.0000 0.9500 0.9500 0.9250 0.8184 0.7265 0.6799 0.6332 0.5763 0.5282 0.4768 0.4243 0.3737 0.3214 0.2591 0.2088 0.1534 0.0417 0.1250 0.0000
1.0000 0.9500 0.9500 0.9250 0.8492 0.7377 0.6870 0.6351 0.5786 0.5274 0.4808 0.4247 0.3668 0.3193 0.2519 0.2133 0.1288 0.0417 0.1250 0.0000
1.0000 0.9500 0.9500 0.9250 0.8411 0.7461 0.6875 0.6351 0.5814 0.5255 0.4773 0.4217 0.3667 0.3178 0.2651 0.2071 0.1611 0.0621 0.1000 0.0000
1.0000 0.9500 0.9500 0.9250 0.8411 0.7461 0.6875 0.6351 0.5814 0.5255 0.4773 0.4217 0.3667 0.3178 0.2651 0.2071 0.1611 0.0621 0.1000 0.0000
1.0000 0.9500 0.9500 0.9250 0.8411 0.7461 0.6875 0.6351 0.5814 0.5255 0.4773 0.4217 0.3667 0.3178 0.2651 0.2071 0.1611 0.0621 0.1000 0.0000
1.0000 0.9500 0.9500 0.9250 0.8375 0.7713 0.7000 0.6305 0.5750 0.5158 0.4281 0.4317 0.3216 0.3272 0.3608 0.0750 0.2083 0.0500 0.1500 0.0000
1.0000 0.9500 0.9500 0.9250 0.8375 0.7407 0.6786 0.6270 0.5727 0.5211 0.4651 0.4393 0.3701 0.3200 0.3195 0.0621 0.1700 0.0667 0.1500 0.0000
1.0000 0.9500 0.9500 0.9250 0.8275 0.7097 0.6772 0.6425 0.5817 0.5291 0.4720 0.4294 0.3747 0.3079 0.2390 0.0652 0.1667 0.0667 0.1250 0.0000
1.0000 0.9500 0.9500 0.9250 0.8184 0.7265 0.6799 0.6332 0.5763 0.5282 0.4768 0.4243 0.3737 0.3214 0.2591 0.2088 0.1534 0.0417 0.1250 0.0000
1.0000 0.9500 0.9500 0.9250 0.8492 0.7377 0.6870 0.6351 0.5786 0.5274 0.4808 0.4247 0.3668 0.3193 0.2519 0.2133 0.1288 0.0417 0.1250 0.0000
1.0000 0.9500 0.9500 0.9250 0.8482 0.7432 0.6839 0.6347 0.5813 0.5266 0.4757 0.4223 0.3695 0.3248 0.2592 0.2091 0.1788 0.0546 0.1000 0.0000
1.0000 0.9500 0.9500 0.9250 0.7933 0.7391 0.6832 0.6317 0.5788 0.5263 0.4768 0.4183 0.3717 0.3240 0.2644 0.1971 0.1750 0.0828 0.0750 0.0000
1.0000 0.9500 0.9500 0.9250 0.7933 0.7391 0.6832 0.6317 0.5788 0.5263 0.4768 0.4183 0.3717 0.3240 0.2644 0.1971 0.1750 0.0828 0.0750 0.0000
1.0000 0.9500 0.9500 0.9250 0.8375 0.7713 0.7000 0.6305 0.5750 0.5158 0.4281 0.4317 0.3216 0.3272 0.3608 0.0750 0.2083 0.0500 0.1500 0.0000
1.0000 0.9500 0.9500 0.9250 0.8375 0.7407 0.6786 0.6270 0.5727 0.5211 0.4651 0.4393 0.3701 0.3200 0.3195 0.0621 0.1700 0.0667 0.1500 0.0000
1.0000 0.9500 0.9500 0.9250 0.8275 0.7097 0.6772 0.6425 0.5817 0.5291 0.4720 0.4294 0.3747 0.3079 0.2390 0.0652 0.1667 0.0667 0.1250 0.0000
1.0000 0.9500 0.9500 0.9250 0.8184 0.7265 0.6799 0.6332 0.5763 0.5282 0.4768 0.4243 0.3737 0.3214 0.2591 0.2088 0.1534 0.0417 0.1250 0.0000
1.0000 0.9500 0.9500 0.9250 0.8492 0.7377 0.6870 0.6351 0.5786 0.5274 0.4808 0.4247 0.3668 0.3193 0.2519 0.2133 0.1288 0.0417 0.1250 0.0000
1.0000 0.9500 0.9500 0.9250 0.8482 0.7432 0.6839 0.6347 0.5813 0.5266 0.4757 0.4223 0.3695 0.3248 0.2592 0.2091 0.1788 0.0546 0.1000 0.0000
1.0000 0.9500 0.9500 0.9250 0.7986 0.7385 0.6829 0.6327 0.5779 0.5264 0.4766 0.4182 0.3707 0.3221 0.2663 0.1981 0.1725 0.0819 0.0750 0.0000
1.0000 0.9500 0.9500 0.9250 0.7942 0.7381 0.6829 0.6318 0.5781 0.5274 0.4758 0.4198 0.3712 0.3204 0.2621 0.1991 0.1754 0.0760 0.0750 0.0000
1.0000 0.9500 0.9500 0.9250 0.8375 0.7713 0.7000 0.6305 0.5750 0.5158 0.4281 0.4317 0.3216 0.3272 0.3608 0.0750 0.2083 0.0500 0.1500 0.0000
1.0000 0.9500 0.9500 0.9250 0.8375 0.7407 0.6786 0.6270 0.5727 0.5211 0.4651 0.4393 0.3701 0.3200 0.3195 0.0621 0.1700 0.0667 0.1500 0.0000
1.0000 0.9500 0.9500 0.9250 0.8275 0.7097 0.6772 0.6425 0.5817 0.5291 0.4720 0.4294 0.3747 0.3079 0.2390 0.0652 0.1667 0.0667 0.1250 0.0000
1.0000 0.9500 0.9500 0.9250 0.8184 0.7265 0.6799 0.6332 0.5763 0.5282 0.4768 0.4243 0.3737 0.3214 0.2591 0.2088 0.1534 0.0417 0.1250 0.0000
1.0000 0.9500 0.9500 0.9250 0.8492 0.7377 0.6870 0.6351 0.5786 0.5274 0.4808 0.4247 0.3668 0.3193 0.2519 0.2133 0.1288 0.0417 0.1250 0.0000
1.0000 0.9500 0.9500 0.9250 0.8482 0.7432 0.6839 0.6347 0.5813 0.5266 0.4757 0.4223 0.3695 0.3248 0.2592 0.2091 0.1788 0.0546 0.1000 0.0000
1.0000 0.9500 0.9500 0.9250 0.7986 0.7385 0.6829 0.6327 0.5779 0.5264 0.4766 0.4182 0.3707 0.3221 0.2663 0.1981 0.1725 0.0819 0.0750 0.0000
1.0000 0.9500 0.9500 0.9250 0.7944 0.7388 0.6838 0.6313 0.5778 0.5272 0.4755 0.4196 0.3712 0.3204 0.2610 0.1989 0.1739 0.0822 0.0750 0.0000
