1.0000 0.9429 0.8766 0.8597 0.7986 0.7515 0.6637 0.6616 0.5256 0.5175 0.4262 0.4441 0.3459 0.3064 0.2464 0.1839 0.1489 0.0735 0.0499 0.0000
1.0000 0.9443 0.8892 0.8416 0.7888 0.7483 0.6787 0.6588 0.5563 0.5337 0.4320 0.4641 0.3568 0.2834 0.2607 0.2187 0.1479 0.0701 0.0377 0.0000
1.0000 0.9449 0.8898 0.8430 0.7892 0.7469 0.6773 0.6588 0.5553 0.5312 0.4320 0.4677 0.3568 0.2834 0.2607 0.2174 0.1474 0.0695 0.0374 0.0000
1.0000 0.9449 0.8898 0.8430 0.7892 0.7469 0.6773 0.6588 0.5553 0.5312 0.4320 0.4677 0.3568 0.2834 0.2607 0.2174 0.1474 0.0695 0.0374 0.0000
1.0000 0.9449 0.8898 0.8430 0.7892 0.7469 0.6773 0.6588 0.5553 0.5312 0.4320 0.4677 0.3568 0.2834 0.2607 0.2174 0.1474 0.0695 0.0374 0.0000
1.0000 0.9449 0.8898 0.8430 0.7892 0.7469 0.6773 0.6588 0.5553 0.5312 0.4320 0.4677 0.3568 0.2834 0.2607 0.2174 0.1474 0.0695 0.0374 0.0000
1.0000 0.9449 0.8898 0.8430 0.7892 0.7469 0.6773 0.6588 0.5553 0.5312 0.4320 0.4677 0.3568 0.2834 0.2607 0.2174 0.1474 0.0695 0.0374 0.0000
1.0000 0.9449 0.8898 0.8430 0.7892 0.7469 0.6773 0.6588 0.5553 0.5312 0.4320 0.4677 0.3568 0.2834 0.2607 0.2174 0.1474 0.0695 0.0374 0.0000
1.0000 0.9429 0.8766 0.8597 0.7986 0.7515 0.6637 0.6616 0.5256 0.5175 0.4262 0.4441 0.3459 0.3064 0.2464 0.1839 0.1489 0.0735 0.0499 0.0000
1.0000 0.9442 0.8835 0.8317 0.7750 0.7331 0.6794 0.6498 0.5562 0.5248 0.4283 0.4594 0.3436 0.2830 0.2573 0.2057 0.1427 0.0723 0.0341 0.0000
1.0000 0.9378 0.8903 0.8437 0.7777 0.7510 0.6851 0.6344 0.5783 0.5342 0.4690 0.4572 0.3454 0.2898 0.2631 0.2135 0.1508 0.0850 0.0501 0.0000
1.0000 0.9378 0.8903 0.8437 0.7777 0.7510 0.6851 0.6344 0.5783 0.5342 0.4690 0.4572 0.3454 0.2898 0.2631 0.2135 0.1508 0.0850 0.0501 0.0000
1.0000 0.9378 0.8903 0.8437 0.7777 0.7510 0.6851 0.6344 0.5783 0.5342 0.4690 0.4572 0.3454 0.2898 0.2631 0.2135 0.1508 0.0850 0.0501 0.0000
1.0000 0.9378 0.8903 0.8437 0.7777 0.7510 0.6851 0.6344 0.5783 0.5342 0.4690 0.4572 0.3454 0.2898 0.2631 0.2135 0.1508 0.0850 0.0501 0.0000
1.0000 0.9378 0.8903 0.8437 0.7777 0.7510 0.6851 0.6344 0.5783 0.5342 0.4690 0.4572 0.3454 0.2898 0.2631 0.2135 0.1508 0.0850 0.0501 0.0000
1.0000 0.9378 0.8903 0.8437 0.7777 0.7510 0.6851 0.6344 0.5783 0.5342 0.4690 0.4572 0.3454 0.2898 0.2631 0.2135 0.1508 0.0850 0.0501 0.0000
1.0000 0.9429 0.8766 0.8597 0.7986 0.7515 0.6637 0.6616 0.5256 0.5175 0.4262 0.4441 0.3459 0.3064 0.2464 0.1839 0.1489 0.0735 0.0499 0.0000
1.0000 0.9442 0.8835 0.8317 0.7750 0.7331 0.6794 0.6498 0.5562 0.5248 0.4283 0.4594 0.3436 0.2830 0.2573 0.2057 0.1427 0.0723 0.0341 0.0000
1.0000 0.9387 0.8895 0.8346 0.7687 0.7671 0.6796 0.6314 0.5839 0.5275 0.4700 0.4509 0.3473 0.2902 0.2558 0.2091 0.1505 0.0936 0.0476 0.0000
1.0000 0.9460 0.8819 0.8385 0.7808 0.7579 0.6766 0.6286 0.5706 0.5308 0.4710 0.4314 0.3502 0.3013 0.2570 0.2026 0.1548 0.0921 0.0402 0.0000
1.0000 0.9460 0.8819 0.8385 0.7808 0.7579 0.6766 0.6286 0.5706 0.5308 0.4710 0.4314 0.3502 0.3013 0.2570 0.2026 0.1548 0.0921 0.0402 0.0000
1.0000 0.9460 0.8819 0.8385 0.7808 0.7579 0.6766 0.6286 0.5706 0.5308 0.4710 0.4314 0.3502 0.3013 0.2570 0.2026 0.1548 0.0921 0.0402 0.0000
1.0000 0.9460 0.8819 0.8385 0.7808 0.7579 0.6766 0.6286 0.5706 0.5308 0.4710 0.4314 0.3502 0.3013 0.2570 0.2026 0.1548 0.0921 0.0402 0.0000
1.0000 0.9460 0.8819 0.8385 0.7808 0.7579 0.6766 0.6286 0.5706 0.5308 0.4710 0.4314 0.3502 0.3013 0.2570 0.2026 0.1548 0.0921 0.0402 0.0000
1.0000 0.9429 0.8766 0.8597 0.7986 0.7515 0.6637 0.6616 0.5256 0.5175 0.4262 0.4441 0.3459 0.3064 0.2464 0.1839 0.1489 0.0735 0.0499 0.0000
1.0000 0.9442 0.8835 0.8317 0.7750 0.7331 0.6794 0.6498 0.5562 0.5248 0.4283 0.4594 0.3436 0.2830 0.2573 0.2057 0.1427 0.0723 0.0341 0.0000
1.0000 0.9387 0.8895 0.8346 0.7687 0.7671 0.6796 0.6314 0.5839 0.5275 0.4700 0.4509 0.3473 0.2902 0.2558 0.2091 0.1505 0.0936 0.0476 0.0000
1.0000 0.9462 0.8842 0.8377 0.7818 0.7554 0.6779 0.6260 0.5729 0.5325 0.4665 0.4288 0.3546 0.3040 0.2580 0.2059 0.1557 0.0896 0.0393 0.0000
1.0000 0.9499 0.8926 0.8446 0.7852 0.7437 0.6846 0.6393 0.5731 0.5233 0.4736 0.4255 0.3589 0.3049 0.2714 0.2123 0.1559 0.0973 0.0474 0.0000
1.0000 0.9499 0.8926 0.8446 0.7852 0.7437 0.6846 0.6393 0.5731 0.5233 0.4736 0.4255 0.3589 0.3049 0.2714 0.2123 0.1559 0.0973 0.0474 0.0000
1.0000 0.9499 0.8926 0.8446 0.7852 0.7437 0.6846 0.6393 0.5731 0.5233 0.4736 0.4255 0.3589 0.3049 0.2714 0.2123 0.1559 0.0973 0.0474 0.0000
1.0000 0.9499 0.8926 0.8446 0.7852 0.7437 0.6846 0.6393 0.5731 0.5233 0.4736 0.4255 0.3589 0.3049 0.2714 0.2123 0.1559 0.0973 0.0474 0.0000
1.0000 0.9429 0.8766 0.8597 0.7986 0.7515 0.6637 0.6616 0.5256 0.5175 0.4262 0.4441 0.3459 0.3064 0.2464 0.1839 0.1489 0.0735 0.0499 0.0000
1.0000 0.9442 0.8835 0.8317 0.7750 0.7331 0.6794 0.6498 0.5562 0.5248 0.4283 0.4594 0.3436 0.2830 0.2573 0.2057 0.1427 0.0723 0.0341 0.0000
1.0000 0.9387 0.8895 0.8346 0.7687 0.7671 0.6796 0.6314 0.5839 0.5275 0.4700 0.4509 0.3473 0.2902 0.2558 0.2091 0.1505 0.0936 0.0476 0.0000
1.0000 0.9462 0.8842 0.8377 0.7818 0.7554 0.6779 0.6260 0.5729 0.5325 0.4665 0.4288 0.3546 0.3040 0.2580 0.2059 0.1557 0.0896 0.0393 0.0000
1.0000 0.9487 0.8949 0.8447 0.7841 0.7400 0.6824 0.6406 0.5738 0.5282 0.4740 0.4228 0.3608 0.3061 0.2720 0.2113 0.1568 0.0962 0.0502 0.0000
1.0000 0.9501 0.8953 0.8419 0.7890 0.7401 0.6829 0.6370 0.5785 0.5286 0.4742 0.4178 0.3608 0.3081 0.2676 0.2092 0.1597 0.0962 0.0458 0.0000
1.0000 0.9501 0.8953 0.8419 0.7890 0.7401 0.6829 0.6370 0.5785 0.5286 0.4742 0.4178 0.3608 0.3081 0.2676 0.2092 0.1597 0.0962 0.0458 0.0000
1.0000 0.9501 0.8953 0.8419 0.7890 0.7401 0.6829 0.6370 0.5785 0.5286 0.4742 0.4178 0.3608 0.3081 0.2676 0.2092 0.1597 0.0962 0.0458 0.0000
1.0000 0.9429 0.8766 0.8597 0.7986 0.7515 0.6637 0.6616 0.5256 0.5175 0.4262 0.4441 0.3459 0.3064 0.2464 0.1839 0.1489 0.0735 0.0499 0.0000
1.0000 0.9442 0.8835 0.8317 0.7750 0.7331 0.6794 0.6498 0.5562 0.5248 0.4283 0.4594 0.3436 0.2830 0.2573 0.2057 0.1427 0.0723 0.0341 0.0000
1.0000 0.9387 0.8895 0.8346 0.7687 0.7671 0.6796 0.6314 0.5839 0.5275 0.4700 0.4509 0.3473 0.2902 0.2558 0.2091 0.1505 0.0936 0.0476 0.0000
1.0000 0.9462 0.8842 0.8377 0.7818 0.7554 0.6779 0.6260 0.5729 0.5325 0.4665 0.4288 0.3546 0.3040 0.2580 0.2059 0.1557 0.0896 0.0393 0.0000
1.0000 0.9487 0.8949 0.8447 0.7841 0.7400 0.6824 0.6406 0.5738 0.5282 0.4740 0.4228 0.3608 0.3061 0.2720 0.2113 0.1568 0.0962 0.0502 0.0000
1.0000 0.9494 0.8946 0.8411 0.7931 0.7374 0.6791 0.6381 0.5790 0.5265 0.4736 0.4155 0.3662 0.3084 0.2692 0.2104 0.1575 0.1024 0.0498 0.0000
1.0000 0.9495 0.8950 0.8441 0.7905 0.7393 0.6794 0.6338 0.5812 0.5276 0.4765 0.4188 0.3646 0.3102 0.2654 0.2116 0.1598 0.1029 0.0513 0.0000
1.0000 0.9495 0.8950 0.8441 0.7905 0.7393 0.6794 0.6338 0.5812 0.5276 0.4765 0.4188 0.3646 0.3102 0.2654 0.2116 0.1598 0.1029 0.0513 0.0000
1.0000 0.9429 0.8766 0.8597 0.7986 0.7515 0.6637 0.6616 0.5256 0.5175 0.4262 0.4441 0.3459 0.3064 0.2464 0.1839 0.1489 0.0735 0.0499 0.0000
1.0000 0.9442 0.8835 0.8317 0.7750 0.7331 0.6794 0.6498 0.5562 0.5248 0.4283 0.4594 0.3436 0.2830 0.2573 0.2057 0.1427 0.0723 0.0341 0.0000
1.0000 0.9387 0.8895 0.8346 0.7687 0.7671 0.6796 0.6314 0.5839 0.5275 0.4700 0.4509 0.3473 0.2902 0.2558 0.2091 0.1505 0.0936 0.0476 0.0000
1.0000 0.9462 0.8842 0.8377 0.7818 0.7554 0.6779 0.6260 0.5729 0.5325 0.4665 0.4288 0.3546 0.3040 0.2580 0.2059 0.1557 0.0896 0.0393 0.0000
1.0000 0.9487 0.8949 0.8447 0.7841 0.7400 0.6824 0.6406 0.5738 0.5282 0.4740 0.4228 0.3608 0.3061 0.2720 0.2113 0.1568 0.0962 0.0502 0.0000
1.0000 0.9494 0.8946 0.8411 0.7931 0.7374 0.6791 0.6381 0.5790 0.5265 0.4736 0.4155 0.3662 0.3084 0.2692 0.2104 0.1575 0.1024 0.0498 0.0000
1.0000 0.9490 0.8948 0.8443 0.7904 0.7379 0.6791 0.6341 0.5801 0.5271 0.4760 0.4175 0.3647 0.3095 0.2655 0.2108 0.1596 0.1040 0.0512 0.0000
1.0000 0.9485 0.8928 0.8431 0.7913 0.7401 0.6835 0.6371 0.5824 0.5281 0.4732 0.4167 0.3646 0.3133 0.2651 0.2087 0.1605 0.1045 0.0514 0.0000
1.0000 0.9429 0.8766 0.8597 0.7986 0.7515 0.6637 0.6616 0.5256 0.5175 0.4262 0.4441 0.3459 0.3064 0.2464 0.1839 0.1489 0.0735 0.0499 0.0000
1.0000 0.9442 0.8835 0.8317 0.7750 0.7331 0.6794 0.6498 0.5562 0.5248 0.4283 0.4594 0.3436 0.2830 0.2573 0.2057 0.1427 0.0723 0.0341 0.0000
1.0000 0.9387 0.8895 0.8346 0.7687 0.7671 0.6796 0.6314 0.5839 0.5275 0.4700 0.4509 0.3473 0.2902 0.2558 0.2091 0.1505 0.0936 0.0476 0.0000
1.0000 0.9462 0.8842 0.8377 0.7818 0.7554 0.6779 0.6260 0.5729 0.5325 0.4665 0.4288 0.3546 0.3040 0.2580 0.2059 0.1557 0.0896 0.0393 0.0000
1.0000 0.9487 0.8949 0.8447 0.7841 0.7400 0.6824 0.6406 0.5738 0.5282 0.4740 0.4228 0.3608 0.3061 0.2720 0.2113 0.1568 0.0962 0.0502 0.0000
1.0000 0.9494 0.8946 0.8411 0.7931 0.7374 0.6791 0.6381 0.5790 0.5265 0.4736 0.4155 0.3662 0.3084 0.2692 0.2104 0.1575 0.1024 0.0498 0.0000
1.0000 0.9490 0.8948 0.8443 0.7904 0.7379 0.6791 0.6341 0.5801 0.5271 0.4760 0.4175 0.3647 0.3095 0.2655 0.2108 0.1596 0.1040 0.0512 0.0000
1.0000 0.9481 0.8930 0.8432 0.7913 0.7396 0.6834 0.6377 0.5820 0.5281 0.4740 0.4173 0.3660 0.3133 0.2648 0.2083 0.1605 0.1041 0.0514 0.0000
